 ... 
 ... SOLVE THE [A^TA]   EIGENPROBLEM
 ... NO. OF EQUATIONS          =    9
 ... MAX. NO. OF LANCZOS STEPS =    9
 ... MAX. NO. OF EIGENPAIRS    =    9
 ... LEFT  END OF THE INTERVAL = -1.00E-30
 ... RIGHT END OF THE INTERVAL =  1.00E-30
 ... WANT S-VECTORS?   [T/F]   =   T
 ... KAPPA                     =  1.00E-06
 Term Document Matrix for LSI                                            
           'TDMATKEY'
 ... NO. OF TERMS     (ROWS)   =       32
 ... NO. OF DOCUMENTS (COLS)   =        9
 ... ORDER OF MATRIX A         =        9
 ... 
Start of V:
  -0.00000   -0.45044   -0.00000   -0.00000    0.35812    0.17068    0.13095   -0.66158    0.42999 
   0.31559    0.00000    0.61604   -0.72173    0.00000    0.00000    0.00000    0.00000    0.00000 
   0.00000    0.45820    0.00000    0.00000   -0.61548    0.04367    0.35300   -0.53120    0.05046 
   0.00000    0.04651    0.00000    0.00000   -0.28153    0.68279   -0.62280    0.03251    0.25186 
   0.94411   -0.00000   -0.28011    0.17374   -0.00000   -0.00000   -0.00000   -0.00000   -0.00000 
  -0.00000   -0.40809    0.00000    0.00000   -0.51347   -0.58225   -0.27652    0.04835    0.38986 
  -0.00000    0.62547   -0.00000   -0.00000    0.38587   -0.37792   -0.42120   -0.18787    0.32306 
  -0.09513   -0.00000   -0.73623   -0.67001   -0.00000   -0.00000   -0.00000   -0.00000   -0.00000 
   0.00000    0.16508    0.00000    0.00000    0.03348    0.14463    0.46529    0.49138    0.70197 
End of V:

 ...... ALLOCATED MEMORY (BYTES)=   6.22E+03
 ...... LANSO EXECUTION TIME=  1.01E+34
 ...... 
 ...... NUMBER OF LANCZOS STEPS =   9       NEIG =   9
 ...... 
 ......         COMPUTED RITZ VALUES  (ERROR BNDS)
 ...... 
 ......   1     8.33139420458538E-02  (   0.00E+00)
 ......   2     1.03554726338625E-01  (   0.00E+00)
 ......   3     1.17604611923831E-01  (   0.00E+00)
 ......   4     1.56297704461230E-01  (   0.00E+00)
 ......   5     1.72466381451533E-01  (   0.00E+00)
 ......   6     2.20424410977463E-01  (   0.00E+00)
 ......   7     2.75611150084465E-01  (   0.00E+00)
 ......   8     3.63757892209842E-01  (   0.00E+00)
 ......   9     4.96749180507157E-01  (   0.00E+00)
Start of U:
-0.00000000 -0.00000000 0.11826301 -0.00000000 -0.31210974 -0.00000000 -0.00000000 0.20719882 0.11826301 0.15108262 -0.00000000 -0.00000000 0.11341545 -0.00000000 -0.00000000 0.20719882 0.03766717 -0.31210974 0.11826301 0.11341545 0.20719882 0.11826301 0.20719882 -0.10491092 0.18396400 -0.00000000 -0.00000000 -0.22672811 -0.10491092 -0.00000000 -0.45840657 -0.45840657 
0.16377957 0.16377957 0.00000000 0.16377957 0.00000000 -0.37454702 0.10404399 0.00000000 0.00000000 0.00000000 -0.21076745 0.16377957 0.00000000 0.16377957 0.47859101 0.00000000 0.00000000 0.00000000 0.00000000 0.00000000 0.00000000 0.00000000 0.00000000 0.00000000 0.00000000 -0.26826023 -0.37454702 0.00000000 0.00000000 0.47859101 0.00000000 0.00000000 
0.00000000 0.00000000 0.02546717 0.00000000 0.26722037 0.00000000 0.00000000 -0.29972253 0.02546717 -0.00345753 0.00000000 0.00000000 0.25733768 0.00000000 0.00000000 -0.29972253 -0.26079521 0.26722037 0.02546717 0.25733768 -0.29972253 0.02546717 -0.29972253 -0.03250216 0.31622227 0.00000000 0.00000000 -0.02699226 -0.03250216 0.00000000 -0.30979711 -0.30979711 
0.00000000 0.00000000 0.34541618 0.00000000 0.02353056 0.00000000 0.00000000 -0.11892463 0.34541618 -0.16524623 0.00000000 0.00000000 -0.39383291 0.00000000 0.00000000 -0.11892463 0.22858667 0.02353056 0.34541618 -0.39383291 -0.11892463 0.34541618 -0.11892463 -0.09539407 0.23567132 0.00000000 0.00000000 -0.03197082 -0.09539407 0.00000000 0.01644590 0.01644590 
0.37965451 0.37965451 -0.00000000 0.37965451 -0.00000000 0.06986739 -0.09875608 -0.00000000 -0.00000000 -0.00000000 0.44952190 0.37965451 -0.00000000 0.37965451 -0.16862348 -0.00000000 -0.00000000 -0.00000000 -0.00000000 -0.00000000 -0.00000000 -0.00000000 -0.00000000 -0.00000000 -0.00000000 -0.02930706 0.06986739 -0.00000000 -0.00000000 -0.16862348 -0.00000000 -0.00000000 
-0.00000000 -0.00000000 -0.24803379 -0.00000000 -0.17384220 0.00000000 0.00000000 -0.18264259 -0.24803379 0.14987096 0.00000000 -0.00000000 -0.14724445 -0.00000000 0.00000000 -0.18264259 0.29711541 -0.17384220 -0.24803379 -0.14724445 -0.18264259 -0.24803379 -0.18264259 -0.35648479 0.10267737 0.00000000 0.00000000 -0.37468240 -0.35648479 0.00000000 0.02059584 0.02059584 
-0.00000000 -0.00000000 -0.14397166 -0.00000000 0.23827904 -0.00000000 -0.00000000 0.12274730 -0.14397166 -0.06722738 -0.00000000 -0.00000000 -0.20057679 -0.00000000 -0.00000000 0.12274730 0.13334941 0.23827904 -0.14397166 -0.20057679 0.12274730 -0.14397166 0.12274730 0.36102634 0.44319823 -0.00000000 -0.00000000 -0.41611823 0.36102634 -0.00000000 -0.07156978 -0.07156978 
-0.02634103 -0.02634103 -0.00000000 -0.02634103 -0.00000000 -0.18552141 -0.49069438 -0.00000000 -0.00000000 -0.00000000 -0.21186244 -0.02634103 -0.00000000 -0.02634103 -0.30517297 -0.00000000 -0.00000000 -0.00000000 -0.00000000 -0.00000000 -0.00000000 -0.00000000 -0.00000000 -0.00000000 -0.00000000 -0.67510489 -0.18552141 -0.00000000 -0.00000000 -0.30517297 -0.00000000 -0.00000000 
0.00000000 0.00000000 0.04104176 0.00000000 0.04684437 0.00000000 0.00000000 0.00793189 0.04104176 0.63613965 0.00000000 0.00000000 0.16504057 0.00000000 0.00000000 0.00793189 0.47109908 0.04684437 0.04104176 0.16504057 0.00793189 0.04104176 0.00793189 0.05477626 0.37850627 0.00000000 0.00000000 0.34551952 0.05477626 0.00000000 0.13943718 0.13943718 
End of U:
 ...... 
 ...... NO. MULTIPLICATIONS BY A  =        28
 ...... NO. MULT. BY TRANSPOSE(A) =        19

 ...... LASVD EXECUTION TIME=  1.01E+34
 ...... 
 ......        NSIG =    9
 ...... 
Start of Sigma:
   0.2886415459    0.3217992019    0.3429352882    0.3953450448    0.4152907192    0.4694937816    0.5249868094    0.6031234469    0.7048043562 
End of Sigma:
