Term Document Matrix for LSI                                            TDMATKEY
#
rra                       32             9            43             0
          (10i8)          (10i8)            (8f10.3)            (8f10.3)
       1       7      12      16      21      27      32      36      41      44
       1       2       4      11      12      14       5      18      24      25
      29       7      15      26      30       6       7      11      26      27
       8      16      21      23      24      29       3       9      19      22
      28      10      13      20      28      10      17      28      31      32
      10      17      25
     0.167     0.167     0.167     0.167     0.167     0.167     0.200     0.200
     0.200     0.200     0.200     0.250     0.250     0.250     0.250     0.167
     0.167     0.167     0.333     0.167     0.167     0.167     0.167     0.167
     0.167     0.167     0.200     0.200     0.200     0.200     0.200     0.250
     0.250     0.250     0.250     0.200     0.200     0.200     0.200     0.200
     0.333     0.333     0.333
